  9.1720000e+000
  9.3500000e+000
  9.4830000e+000
  9.5580000e+000
  9.7750000e+000
  1.0227000e+001
  1.0406000e+001
  1.6084000e+001
  1.6170000e+001
  1.8419000e+001
  1.8552000e+001
  1.8600000e+001
  1.8927000e+001
  1.9052000e+001
  1.9070000e+001
  1.9330000e+001
  1.9343000e+001
  1.9349000e+001
  1.9440000e+001
  1.9473000e+001
  1.9529000e+001
  1.9541000e+001
  1.9547000e+001
  1.9663000e+001
  1.9846000e+001
  1.9856000e+001
  1.9863000e+001
  1.9914000e+001
  1.9918000e+001
  1.9973000e+001
  1.9989000e+001
  2.0166000e+001
  2.0175000e+001
  2.0179000e+001
  2.0196000e+001
  2.0215000e+001
  2.0221000e+001
  2.0415000e+001
  2.0629000e+001
  2.0795000e+001
  2.0821000e+001
  2.0846000e+001
  2.0875000e+001
  2.0986000e+001
  2.1137000e+001
  2.1492000e+001
  2.1701000e+001
  2.1814000e+001
  2.1921000e+001
  2.1960000e+001
  2.2185000e+001
  2.2209000e+001
  2.2242000e+001
  2.2249000e+001
  2.2314000e+001
  2.2374000e+001
  2.2495000e+001
  2.2746000e+001
  2.2747000e+001
  2.2888000e+001
  2.2914000e+001
  2.3206000e+001
  2.3241000e+001
  2.3263000e+001
  2.3484000e+001
  2.3538000e+001
  2.3542000e+001
  2.3666000e+001
  2.3706000e+001
  2.3711000e+001
  2.4129000e+001
  2.4285000e+001
  2.4289000e+001
  2.4366000e+001
  2.4717000e+001
  2.4990000e+001
  2.5633000e+001
  2.6960000e+001
  2.6995000e+001
  3.2065000e+001
  3.2789000e+001
  3.4279000e+001
